0.21235349835504579996	0.99980401992797851562	0.00019598007202148438
0.42470699671009159992	0.99921637773513793945	0.00078362226486206055
0.63706049506513739988	0.99823796749114990234	0.00176203250885009766
0.84941399342018319985	0.99687010049819946289	0.00312989950180053711
1.06176749177522911083	0.99511480331420898438	0.00488519668579101562
1.27412099013027479977	0.99297451972961425781	0.00702548027038574219
1.48647448848532048871	0.99045240879058837891	0.00954759120941162109
1.69882798684036639969	0.98755198717117309570	0.01244801282882690430
1.91118148519541231067	0.98427742719650268555	0.01572257280349731445
2.12353498355045822166	0.98063331842422485352	0.01936668157577514648
2.33588848190550368855	0.97662490606307983398	0.02337509393692016602
2.54824198026054959954	0.97225773334503173828	0.02774226665496826172
2.76059547861559551052	0.96753805875778198242	0.03246194124221801758
2.97294897697064097741	0.96247237920761108398	0.03752762079238891602
3.18530247532568688840	0.95706784725189208984	0.04293215274810791016
3.39765597368073279938	0.95133197307586669922	0.04866802692413330078
3.61000947203577871036	0.94527262449264526367	0.05472737550735473633
3.82236297039082462135	0.93889820575714111328	0.06110179424285888672
4.03471646874587008824	0.93221741914749145508	0.06778258085250854492
4.24706996710091644331	0.92523938417434692383	0.07476061582565307617
4.45942346545596191021	0.91797357797622680664	0.08202642202377319336
4.67177696381100737710	0.91042983531951904297	0.08957016468048095703
4.88413046216605373218	0.90261828899383544922	0.09738171100616455078
5.09648396052109919907	0.89454936981201171875	0.10545063018798828125
5.30883745887614466596	0.88623380661010742188	0.11376619338989257812
5.52119095723119102104	0.87768256664276123047	0.12231743335723876953
5.73354445558623648793	0.86890691518783569336	0.13109308481216430664
5.94589795394128195483	0.85991835594177246094	0.14008164405822753906
6.15825145229632830990	0.85072863101959228516	0.14927136898040771484
6.37060495065137377679	0.84134948253631591797	0.15865051746368408203
6.58295844900642013187	0.83179312944412231445	0.16820687055587768555
6.79531194736146559876	0.82207179069519042969	0.17792820930480957031
7.00766544571651106565	0.81219786405563354492	0.18780213594436645508
7.22001894407155742073	0.80218380689620971680	0.19781619310379028320
7.43237244242660288762	0.79204231500625610352	0.20795768499374389648
7.64472594078164924269	0.78178608417510986328	0.21821391582489013672
7.85707943913669470959	0.77142804861068725586	0.22857195138931274414
8.06943293749174017648	0.76098108291625976562	0.23901891708374023438
8.28178643584678653156	0.75045806169509887695	0.24954193830490112305
8.49413993420183288663	0.73987209796905517578	0.26012790203094482422
8.70649343255687746534	0.72923618555068969727	0.27076381444931030273
8.91884693091192382042	0.71856343746185302734	0.28143656253814697266
9.13120042926697017549	0.70786678791046142578	0.29213321208953857422
9.34355392762201475421	0.69715934991836547852	0.30284065008163452148
9.55590742597706110928	0.68645417690277099609	0.31354582309722900391
9.76826092433210746435	0.67576420307159423828	0.32423579692840576172
9.98061442268715204307	0.66510236263275146484	0.33489763736724853516
10.19296792104219839814	0.65448153018951416016	0.34551846981048583984
10.40532141939724475321	0.64391446113586425781	0.35608553886413574219
10.61767491775228933193	0.63341391086578369141	0.36658608913421630859
10.83002841610733568700	0.62299239635467529297	0.37700760364532470703
11.04238191446238204207	0.61266237497329711914	0.38733762502670288086
11.25473541281742662079	0.60243624448776245117	0.39756375551223754883
11.46708891117247297586	0.59232604503631591797	0.40767395496368408203
11.67944240952751933094	0.58234393596649169922	0.41765606403350830078
11.89179590788256390965	0.57250159978866577148	0.42749840021133422852
12.10414940623761026472	0.56281071901321411133	0.43718928098678588867
12.31650290459265661980	0.55328273773193359375	0.44671726226806640625
12.52885640294770297487	0.54392880201339721680	0.45607119798660278320
12.74120990130274755359	0.53475981950759887695	0.46524018049240112305
12.95356339965779390866	0.52578651905059814453	0.47421348094940185547
13.16591689801284026373	0.51701921224594116211	0.48298078775405883789
13.37827039636788484245	0.50846809148788452148	0.49153190851211547852
13.59062389472293119752	0.50014281272888183594	0.49985718727111816406
13.80297739307797755259	0.49205291271209716797	0.50794708728790283203
14.01533089143302213131	0.48420742154121398926	0.51579257845878601074
14.22768438978806848638	0.47661510109901428223	0.52338489890098571777
14.44003788814311484145	0.46928426623344421387	0.53071573376655578613
14.65239138649815942017	0.46222284436225891113	0.53777715563774108887
14.86474488485320577524	0.45543834567070007324	0.54456165432929992676
15.07709838320825213032	0.44893789291381835938	0.55106210708618164062
15.28945188156329848539	0.44272804260253906250	0.55727195739746093750
15.50180537991834306411	0.43681496381759643555	0.56318503618240356445
15.71415887827338941918	0.43120434880256652832	0.56879565119743347168
15.92651237662843577425	0.42590135335922241211	0.57409864664077758789
16.13886587498348035297	0.42091062664985656738	0.57908937335014343262
16.35121937333852670804	0.41623628139495849609	0.58376371860504150391
16.56357287169357306311	0.41188192367553710938	0.58811807632446289062
16.77592637004861941818	0.40785056352615356445	0.59214943647384643555
16.98827986840366577326	0.40414470434188842773	0.59585529565811157227
17.20063336675870857562	0.40076625347137451172	0.59923374652862548828
17.41298686511375493069	0.39771649241447448730	0.60228350758552551270
17.62534036346880128576	0.39499622583389282227	0.60500377416610717773
17.83769386182384764084	0.39260554313659667969	0.60739445686340332031
18.05004736017889399591	0.39054405689239501953	0.60945594310760498047
18.26240085853394035098	0.38881069421768188477	0.61118930578231811523
18.47475435688898315334	0.38740387558937072754	0.61259612441062927246
18.68710785524402950841	0.38632133603096008301	0.61367866396903991699
18.89946135359907586349	0.38556024432182312012	0.61443975567817687988
19.11181485195412221856	0.38511723279953002930	0.61488276720046997070
19.32416835030916857363	0.38498827815055847168	0.61501172184944152832
19.53652184866421492870	0.38516882061958312988	0.61483117938041687012
19.74887534701925773106	0.38565370440483093262	0.61434629559516906738
19.96122884537430408614	0.38643726706504821777	0.61356273293495178223
20.17358234372935044121	0.38751325011253356934	0.61248674988746643066
20.38593584208439679628	0.38887485861778259277	0.61112514138221740723
20.59828934043944315135	0.39051482081413269043	0.60948517918586730957
20.81064283879448950643	0.39242529869079589844	0.60757470130920410156
21.02299633714953586150	0.39459800720214843750	0.60540199279785156250
21.23534983550457866386	0.39702415466308593750	0.60297584533691406250
21.44770333385962501893	0.39969456195831298828	0.60030543804168701172
21.66005683221467137400	0.40259957313537597656	0.59740042686462402344
21.87241033056971772908	0.40572908520698547363	0.59427091479301452637
22.08476382892476408415	0.40907266736030578613	0.59092733263969421387
22.29711732727981043922	0.41261950135231018066	0.58738049864768981934
22.50947082563485324158	0.41635838150978088379	0.58364161849021911621
22.72182432398989959665	0.42027783393859863281	0.57972216606140136719
22.93417782234494595173	0.42436605691909790039	0.57563394308090209961
23.14653132069999230680	0.42861101031303405762	0.57138898968696594238
23.35888481905503866187	0.43300032615661621094	0.56699967384338378906
23.57123831741008501695	0.43752148747444152832	0.56247851252555847168
23.78359181576512781930	0.44216176867485046387	0.55783823132514953613
23.99594531412017417438	0.44690820574760437012	0.55309179425239562988
24.20829881247522052945	0.45174771547317504883	0.54825228452682495117
24.42065231083026688452	0.45666715502738952637	0.54333284497261047363
24.63300580918531323960	0.46165317296981811523	0.53834682703018188477
24.84535930754035959467	0.46669238805770874023	0.53330761194229125977
25.05771280589540594974	0.47177138924598693848	0.52822861075401306152
25.27006630425044875210	0.47687670588493347168	0.52312329411506652832
25.48241980260549510717	0.48199480772018432617	0.51800519227981567383
25.69477330096054146225	0.48711231350898742676	0.51288768649101257324
25.90712679931558781732	0.49221575260162353516	0.50778424739837646484
26.11948029767063417239	0.49729174375534057617	0.50270825624465942383
26.33183379602568052746	0.50232702493667602539	0.49767297506332397461
26.54418729438072332982	0.50730842351913452148	0.49269157648086547852
26.75654079273576968490	0.51222288608551025391	0.48777711391448974609
26.96889429109081603997	0.51705747842788696289	0.48294252157211303711
27.18124778944586239504	0.52179950475692749023	0.47820049524307250977
27.39360128780090875011	0.52643626928329467773	0.47356373071670532227
27.60595478615595510519	0.53095555305480957031	0.46904444694519042969
27.81830828451100146026	0.53534507751464843750	0.46465492248535156250
28.03066178286604426262	0.53959298133850097656	0.46040701866149902344
28.24301528122109061769	0.54368764162063598633	0.45631235837936401367
28.45536877957613697276	0.54761761426925659180	0.45238238573074340820
28.66772227793118332784	0.55137187242507934570	0.44862812757492065430
28.88007577628622968291	0.55493962764739990234	0.44506037235260009766
29.09242927464127603798	0.55831032991409301758	0.44168967008590698242
29.30478277299631884034	0.56147396564483642578	0.43852603435516357422
29.51713627135136519541	0.56442064046859741211	0.43557935953140258789
29.72948976970641155049	0.56714111566543579102	0.43285888433456420898
29.94184326806145790556	0.56962621212005615234	0.43037378787994384766
30.15419676641650426063	0.57186746597290039062	0.42813253402709960938
30.36655026477155061571	0.57385659217834472656	0.42614340782165527344
30.57890376312659697078	0.57558584213256835938	0.42441415786743164062
30.79125726148163977314	0.57704788446426391602	0.42295211553573608398
31.00361075983668612821	0.57823586463928222656	0.42176413536071777344
31.21596425819173248328	0.57914340496063232422	0.42085659503936767578
31.42831775654677883836	0.57976460456848144531	0.42023539543151855469
31.64067125490182519343	0.58009409904479980469	0.41990590095520019531
31.85302475325687154850	0.58012688159942626953	0.41987311840057373047
32.06537825161191790357	0.57985866069793701172	0.42014133930206298828
32.27773174996696070593	0.57928556203842163086	0.42071443796157836914
32.49008524832201061372	0.57840436697006225586	0.42159563302993774414
32.70243874667705341608	0.57721221446990966797	0.42278778553009033203
32.91479224503209621844	0.57570707798004150391	0.42429292201995849609
33.12714574338714612622	0.57388728857040405273	0.42611271142959594727
33.33949924174218892858	0.57175183296203613281	0.42824816703796386719
33.55185274009723883637	0.56930035352706909180	0.43069964647293090820
33.76420623845228163873	0.56653302907943725586	0.43346697092056274414
33.97655973680733154652	0.56345063447952270508	0.43654936552047729492
34.18891323516237434887	0.56005460023880004883	0.43994539976119995117
34.40126673351741715123	0.55634695291519165039	0.44365304708480834961
34.61362023187246705902	0.55233031511306762695	0.44766968488693237305
34.82597373022750986138	0.54800802469253540039	0.45199197530746459961
35.03832722858255976917	0.54338395595550537109	0.45661604404449462891
35.25068072693760257152	0.53846263885498046875	0.46153736114501953125
35.46303422529264537388	0.53324919939041137695	0.46675080060958862305
35.67538772364769528167	0.52774941921234130859	0.47225058078765869141
35.88774122200273808403	0.52196973562240600586	0.47803026437759399414
36.10009472035778799182	0.51591712236404418945	0.48408287763595581055
36.31244821871283079417	0.50959914922714233398	0.49040085077285766602
36.52480171706788070196	0.50302410125732421875	0.49697589874267578125
36.73715521542292350432	0.49620074033737182617	0.50379925966262817383
36.94950871377796630668	0.48913845419883728027	0.51086154580116271973
37.16186221213301621447	0.48184716701507568359	0.51815283298492431641
37.37421571048805901682	0.47433736920356750488	0.52566263079643249512
37.58656920884310892461	0.46662011742591857910	0.53337988257408142090
37.79892270719815172697	0.45870697498321533203	0.54129302501678466797
38.01127620555320163476	0.45060995221138000488	0.54939004778861999512
38.22362970390824443712	0.44234159588813781738	0.55765840411186218262
38.43598320226328723948	0.43391489982604980469	0.56608510017395019531
38.64833670061833714726	0.42534327507019042969	0.57465672492980957031
38.86069019897337994962	0.41664057970046997070	0.58335942029953002930
39.07304369732842985741	0.40782102942466735840	0.59217897057533264160
39.28539719568347265977	0.39889919757843017578	0.60110080242156982422
39.49775069403851546213	0.38988998532295227051	0.61011001467704772949
39.71010419239356536991	0.38080868124961853027	0.61919131875038146973
39.92245769074860817227	0.37167066335678100586	0.62832933664321899414
40.13481118910365808006	0.36249175667762756348	0.63750824332237243652
40.34716468745870088242	0.35328784584999084473	0.64671215415000915527
40.55951818581375079020	0.34407505393028259277	0.65592494606971740723
40.77187168416879359256	0.33486962318420410156	0.66513037681579589844
40.98422518252383639492	0.32568794488906860352	0.67431205511093139648
41.19657868087888630271	0.31654641032218933105	0.68345358967781066895
41.40893217923392910507	0.30746152997016906738	0.69253847002983093262
41.62128567758897901285	0.29844975471496582031	0.70155024528503417969
41.83363917594402181521	0.28952753543853759766	0.71047246456146240234
42.04599267429907172300	0.28071123361587524414	0.71928876638412475586
42.25834617265411452536	0.27201715111732482910	0.72798284888267517090
42.47069967100915732772	0.26346135139465332031	0.73653864860534667969
42.68305316936420723550	0.25505986809730529785	0.74494013190269470215
42.89540666771925003786	0.24682842195034027100	0.75317157804965972900
43.10776016607429994565	0.23878249526023864746	0.76121750473976135254
43.32011366442934274801	0.23093736171722412109	0.76906263828277587891
43.53246716278438555037	0.22330790758132934570	0.77669209241867065430
43.74482066113943545815	0.21590875089168548584	0.78409124910831451416
43.95717415949447826051	0.20875410735607147217	0.79124589264392852783
44.16952765784952816830	0.20185777544975280762	0.79814222455024719238
44.38188115620457097066	0.19523316621780395508	0.80476683378219604492
44.59423465455962087844	0.18889321386814117432	0.81110678613185882568
44.80658815291466368080	0.18285037577152252197	0.81714962422847747803
45.01894165126970648316	0.17711660265922546387	0.82288339734077453613
45.23129514962475639095	0.17170332372188568115	0.82829667627811431885
45.44364864797979919331	0.16662141680717468262	0.83337858319282531738
45.65600214633484910109	0.16188119351863861084	0.83811880648136138916
45.86835564468989190345	0.15749235451221466064	0.84250764548778533936
46.08070914304494181124	0.15346404910087585449	0.84653595089912414551
46.29306264139998461360	0.14980475604534149170	0.85019524395465850830
46.50541613975502741596	0.14652232825756072998	0.85347767174243927002
46.71776963811007732374	0.14362400770187377930	0.85637599229812622070
46.93012313646512012610	0.14111632108688354492	0.85888367891311645508
47.14247663482017003389	0.13900519907474517822	0.86099480092525482178
47.35483013317521283625	0.13729582726955413818	0.86270417273044586182
47.56718363153025563861	0.13599276542663574219	0.86400723457336425781
47.77953712988530554640	0.13509988784790039062	0.86490011215209960938
47.99189062824034834875	0.13462033867835998535	0.86537966132164001465
48.20424412659539825654	0.13455660641193389893	0.86544339358806610107
48.41659762495044105890	0.13491050899028778076	0.86508949100971221924
48.62895112330549096669	0.13568316400051116943	0.86431683599948883057
48.84130462166053376905	0.13687497377395629883	0.86312502622604370117
49.05365812001557657140	0.13848571479320526123	0.86151428520679473877
49.26601161837062647919	0.14051444828510284424	0.85948555171489715576
49.47836511672566928155	0.14295959472656250000	0.85704040527343750000
49.69071861508071918934	0.14581890404224395752	0.85418109595775604248
49.90307211343576199170	0.14908948540687561035	0.85091051459312438965
50.11542561179081189948	0.15276777744293212891	0.84723222255706787109
50.32777911014585470184	0.15684963762760162354	0.84315036237239837646
50.54013260850089750420	0.16133025288581848145	0.83866974711418151855
50.75248610685594741199	0.16620425879955291748	0.83379574120044708252
50.96483960521099021435	0.17146563529968261719	0.82853436470031738281
51.17719310356604012213	0.17710784077644348145	0.82289215922355651855
51.38954660192108292449	0.18312375247478485107	0.81687624752521514893
51.60190010027613283228	0.18950566649436950684	0.81049433350563049316
51.81425359863117563464	0.19624541699886322021	0.80375458300113677979
52.02660709698621843700	0.20333424210548400879	0.79666575789451599121
52.23896059534126834478	0.21076294779777526855	0.78923705220222473145
52.45131409369631114714	0.21852184832096099854	0.78147815167903900146
52.66366759205136105493	0.22660076618194580078	0.77339923381805419922
52.87602109040640385729	0.23498910665512084961	0.76501089334487915039
53.08837458876144665965	0.24367587268352508545	0.75632412731647491455
53.30072808711649656743	0.25264963507652282715	0.74735036492347717285
53.51308158547153936979	0.26189857721328735352	0.73810142278671264648
53.72543508382658927758	0.27141055464744567871	0.72858944535255432129
53.93778858218163207994	0.28117308020591735840	0.71882691979408264160
54.15014208053668198772	0.29117333889007568359	0.70882666110992431641
54.36249557889172479008	0.30139824748039245605	0.69860175251960754395
54.57484907724676759244	0.31183439493179321289	0.68816560506820678711
54.78720257560181750023	0.32246816158294677734	0.67753183841705322266
54.99955607395686030259	0.33328571915626525879	0.66671428084373474121
55.21190957231191021037	0.34427300095558166504	0.65572699904441833496
55.42426307066695301273	0.35541579127311706543	0.64458420872688293457
55.63661656902200292052	0.36669969558715820312	0.63330030441284179688
55.84897006737704572288	0.37811022996902465820	0.62188977003097534180
56.06132356573208852524	0.38963273167610168457	0.61036726832389831543
56.27367706408713843302	0.40125253796577453613	0.59874746203422546387
56.48603056244218123538	0.41295489668846130371	0.58704510331153869629
56.69838406079723114317	0.42472499608993530273	0.57527500391006469727
56.91073755915227394553	0.43654802441596984863	0.56345197558403015137
57.12309105750731674789	0.44840928912162780762	0.55159071087837219238
57.33544455586236665567	0.46029394865036010742	0.53970605134963989258
57.54779805421740945803	0.47218742966651916504	0.52781257033348083496
57.76015155257245936582	0.48407509922981262207	0.51592490077018737793
57.97250505092750216818	0.49594247341156005859	0.50405752658843994141
58.18485854928255207597	0.50777530670166015625	0.49222469329833984375
58.39721204763759487832	0.51955932378768920898	0.48044067621231079102
58.60956554599263768068	0.53128063678741455078	0.46871936321258544922
58.82191904434768758847	0.54292547702789306641	0.45707452297210693359
59.03427254270273039083	0.55448019504547119141	0.44551980495452880859
59.24662604105778029862	0.56593161821365356445	0.43406838178634643555
59.45897953941282310097	0.57726663351058959961	0.42273336648941040039
59.67133303776787300876	0.58847254514694213867	0.41152745485305786133
59.88368653612291581112	0.59953695535659790039	0.40046304464340209961
60.09604003447795861348	0.61044770479202270508	0.38955229520797729492
60.30839353283300852127	0.62119311094284057617	0.37880688905715942383
60.52074703118805132362	0.63176178932189941406	0.36823821067810058594
60.73310052954310123141	0.64214265346527099609	0.35785734653472900391
60.94545402789814403377	0.65232515335083007812	0.34767484664916992188
61.15780752625319394156	0.66229909658432006836	0.33770090341567993164
61.37016102460823674392	0.67205470800399780273	0.32794529199600219727
61.58251452296327954627	0.68158257007598876953	0.31841742992401123047
61.79486802131832945406	0.69087386131286621094	0.30912613868713378906
62.00722151967337225642	0.69992005825042724609	0.30007994174957275391
62.21957501802842216421	0.70871323347091674805	0.29128676652908325195
62.43192851638346496657	0.71724581718444824219	0.28275418281555175781
62.64428201473850776893	0.72551071643829345703	0.27448928356170654297
62.85663551309355767671	0.73350143432617187500	0.26649856567382812500
63.06898901144860047907	0.74121183156967163086	0.25878816843032836914
63.28134250980365038686	0.74863630533218383789	0.25136369466781616211
63.49369600815869318922	0.75576978921890258789	0.24423021078109741211
63.70604950651374309700	0.76260757446289062500	0.23739242553710937500
63.91840300486878589936	0.76914554834365844727	0.23085445165634155273
64.13075650322383580715	0.77538001537322998047	0.22461998462677001953
64.34311000157887860951	0.78130781650543212891	0.21869218349456787109
64.55546349993392141187	0.78692626953125000000	0.21307373046875000000
64.76781699828896421423	0.79223310947418212891	0.20776689052581787109
64.98017049664402122744	0.79722654819488525391	0.20277345180511474609
65.19252399499906402980	0.80190539360046386719	0.19809460639953613281
65.40487749335410683216	0.80626869201660156250	0.19373130798339843750
65.61723099170914963452	0.81031614542007446289	0.18968385457992553711
65.82958449006419243688	0.81404769420623779297	0.18595230579376220703
66.04193798841924945009	0.81746393442153930664	0.18253606557846069336
66.25429148677429225245	0.82056570053100585938	0.17943429946899414062
66.46664498512933505481	0.82335442304611206055	0.17664557695388793945
66.67899848348437785717	0.82583165168762207031	0.17416834831237792969
66.89135198183942065953	0.82799971103668212891	0.17200028896331787109
67.10370548019447767274	0.82986098527908325195	0.17013901472091674805
67.31605897854952047510	0.83141845464706420898	0.16858154535293579102
67.52841247690456327746	0.83267539739608764648	0.16732460260391235352
67.74076597525960607982	0.83363533020019531250	0.16636466979980468750
67.95311947361466309303	0.83430230617523193359	0.16569769382476806641
68.16547297196970589539	0.83468061685562133789	0.16531938314437866211
68.37782647032474869775	0.83477497100830078125	0.16522502899169921875
68.59017996867979150011	0.83459019660949707031	0.16540980339050292969
68.80253346703483430247	0.83413165807723999023	0.16586834192276000977
69.01488696538989131568	0.83340483903884887695	0.16659516096115112305
69.22724046374493411804	0.83241569995880126953	0.16758430004119873047
69.43959396209997692040	0.83117032051086425781	0.16882967948913574219
69.65194746045501972276	0.82967513799667358398	0.17032486200332641602
69.86430095881006252512	0.82793676853179931641	0.17206323146820068359
70.07665445716511953833	0.82596212625503540039	0.17403787374496459961
70.28900795552016234069	0.82375842332839965820	0.17624157667160034180
70.50136145387520514305	0.82133305072784423828	0.17866694927215576172
70.71371495223024794541	0.81869363784790039062	0.18130636215209960938
70.92606845058529074777	0.81584805250167846680	0.18415194749832153320
71.13842194894034776098	0.81280422210693359375	0.18719577789306640625
71.35077544729539056334	0.80957055091857910156	0.19042944908142089844
71.56312894565043336570	0.80615538358688354492	0.19384461641311645508
71.77548244400547616806	0.80256742238998413086	0.19743257761001586914
71.98783594236053318127	0.79881536960601806641	0.20118463039398193359
72.20018944071557598363	0.79490816593170166016	0.20509183406829833984
72.41254293907061878599	0.79085505008697509766	0.20914494991302490234
72.62489643742566158835	0.78666514158248901367	0.21333485841751098633
72.83724993578070439071	0.78234791755676269531	0.21765208244323730469
73.04960343413576140392	0.77791279554367065430	0.22208720445632934570
73.26195693249080420628	0.77336949110031127930	0.22663050889968872070
73.47431043084584700864	0.76872766017913818359	0.23127233982086181641
73.68666392920088981100	0.76399719715118408203	0.23600280284881591797
73.89901742755593261336	0.75918781757354736328	0.24081218242645263672
74.11137092591098962657	0.75430965423583984375	0.24569034576416015625
74.32372442426603242893	0.74937266111373901367	0.25062733888626098633
74.53607792262107523129	0.74438685178756713867	0.25561314821243286133
74.74843142097611803365	0.73936229944229125977	0.26063770055770874023
74.96078491933116083601	0.73430913686752319336	0.26569086313247680664
75.17313841768621784922	0.72923737764358520508	0.27076262235641479492
75.38549191604126065158	0.72415721416473388672	0.27584278583526611328
75.59784541439630345394	0.71907854080200195312	0.28092145919799804688
75.81019891275134625630	0.71401149034500122070	0.28598850965499877930
76.02255241110640326951	0.70896595716476440430	0.29103404283523559570
76.23490590946144607187	0.70395177602767944336	0.29604822397232055664
76.44725940781648887423	0.69897866249084472656	0.30102133750915527344
76.65961290617153167659	0.69405639171600341797	0.30594360828399658203
76.87196640452657447895	0.68919444084167480469	0.31080555915832519531
77.08431990288163149216	0.68440222740173339844	0.31559777259826660156
77.29667340123667429452	0.67968893051147460938	0.32031106948852539062
77.50902689959171709688	0.67506366968154907227	0.32493633031845092773
77.72138039794675989924	0.67053526639938354492	0.32946473360061645508
77.93373389630180270160	0.66611242294311523438	0.33388757705688476562
78.14608739465685971481	0.66180354356765747070	0.33819645643234252930
78.35844089301190251717	0.65761685371398925781	0.34238314628601074219
78.57079439136694531953	0.65356022119522094727	0.34643977880477905273
78.78314788972198812189	0.64964145421981811523	0.35035854578018188477
78.99550138807703092425	0.64586776494979858398	0.35413223505020141602
79.20785488643208793746	0.64224636554718017578	0.35775363445281982422
79.42020838478713073982	0.63878399133682250977	0.36121600866317749023
79.63256188314217354218	0.63548702001571655273	0.36451297998428344727
79.84491538149721634454	0.63236153125762939453	0.36763846874237060547
80.05726887985227335776	0.62941336631774902344	0.37058663368225097656
80.26962237820731616011	0.62664777040481567383	0.37335222959518432617
80.48197587656235896247	0.62406975030899047852	0.37593024969100952148
80.69432937491740176483	0.62168395519256591797	0.37831604480743408203
80.90668287327244456719	0.61949443817138671875	0.38050556182861328125
81.11903637162750158041	0.61750513315200805664	0.38249486684799194336
81.33138986998254438276	0.61571925878524780273	0.38428074121475219727
81.54374336833758718512	0.61413979530334472656	0.38586020469665527344
81.75609686669262998748	0.61276924610137939453	0.38723075389862060547
81.96845036504767278984	0.61160963773727416992	0.38839036226272583008
82.18080386340272980306	0.61066251993179321289	0.38933748006820678711
82.39315736175777260542	0.60992908477783203125	0.39007091522216796875
82.60551086011281540777	0.60941004753112792969	0.39058995246887207031
82.81786435846785821013	0.60910558700561523438	0.39089441299438476562
83.03021785682290101249	0.60901552438735961914	0.39098447561264038086
83.24257135517795802571	0.60913908481597900391	0.39086091518402099609
83.45492485353300082807	0.60947525501251220703	0.39052474498748779297
83.66727835188804363042	0.61002230644226074219	0.38997769355773925781
83.87963185024308643278	0.61077815294265747070	0.38922184705734252930
84.09198534859814344600	0.61174035072326660156	0.38825964927673339844
84.30433884695318624836	0.61290591955184936523	0.38709408044815063477
84.51669234530822905072	0.61427134275436401367	0.38572865724563598633
84.72904584366327185307	0.61583280563354492188	0.38416719436645507812
84.94139934201831465543	0.61758595705032348633	0.38241404294967651367
85.15375284037337166865	0.61952608823776245117	0.38047391176223754883
85.36610633872841447101	0.62164795398712158203	0.37835204601287841797
85.57845983708345727337	0.62394601106643676758	0.37605398893356323242
85.79081333543850007572	0.62641429901123046875	0.37358570098876953125
86.00316683379354287808	0.62904632091522216797	0.37095367908477783203
86.21552033214859989130	0.63183534145355224609	0.36816465854644775391
86.42787383050364269366	0.63477414846420288086	0.36522585153579711914
86.64022732885868549602	0.63785517215728759766	0.36214482784271240234
86.85258082721372829837	0.64107060432434082031	0.35892939567565917969
87.06493432556877110073	0.64441210031509399414	0.35558789968490600586
87.27728782392382811395	0.64787113666534423828	0.35212886333465576172
87.48964132227887091631	0.65143877267837524414	0.34856122732162475586
87.70199482063391371867	0.65510582923889160156	0.34489417076110839844
87.91434831898895652103	0.65886276960372924805	0.34113723039627075195
88.12670181734401353424	0.66269993782043457031	0.33730006217956542969
88.33905531569905633660	0.66660714149475097656	0.33339285850524902344
88.55140881405409913896	0.67057424783706665039	0.32942575216293334961
88.76376231240914194132	0.67459064722061157227	0.32540935277938842773
88.97611581076418474368	0.67864573001861572266	0.32135426998138427734
89.18846930911924175689	0.68272846937179565430	0.31727153062820434570
89.40082280747428455925	0.68682789802551269531	0.31317210197448730469
89.61317630582932736161	0.69093275070190429688	0.30906724929809570312
89.82552980418437016397	0.69503164291381835938	0.30496835708618164062
90.03788330253941296633	0.69911313056945800781	0.30088686943054199219
90.25023680089446997954	0.70316553115844726562	0.29683446884155273438
90.46259029924951278190	0.70717728137969970703	0.29282271862030029297
90.67494379760455558426	0.71113657951354980469	0.28886342048645019531
90.88729729595959838662	0.71503174304962158203	0.28496825695037841797
91.09965079431464118898	0.71885091066360473633	0.28114908933639526367
91.31200429266969820219	0.72258239984512329102	0.27741760015487670898
91.52435779102474100455	0.72621440887451171875	0.27378559112548828125
91.73671128937978380691	0.72973519563674926758	0.27026480436325073242
91.94906478773482660927	0.73313325643539428711	0.26686674356460571289
92.16141828608988362248	0.73639696836471557617	0.26360303163528442383
92.37377178444492642484	0.73951488733291625977	0.26048511266708374023
92.58612528279996922720	0.74247580766677856445	0.25752419233322143555
92.79847878115501202956	0.74526858329772949219	0.25473141670227050781
93.01083227951005483192	0.74788224697113037109	0.25211775302886962891
93.22318577786511184513	0.75030606985092163086	0.24969393014907836914
93.43553927622015464749	0.75252950191497802734	0.24747049808502197266
93.64789277457519744985	0.75454235076904296875	0.24545764923095703125
93.86024627293024025221	0.75633460283279418945	0.24366539716720581055
94.07259977128528305457	0.75789654254913330078	0.24210345745086669922
94.28495326964034006778	0.75921875238418579102	0.24078124761581420898
94.49730676799538287014	0.76029223203659057617	0.23970776796340942383
94.70966026635042567250	0.76110821962356567383	0.23889178037643432617
94.92201376470546847486	0.76165848970413208008	0.23834151029586791992
95.13436726306051127722	0.76193499565124511719	0.23806500434875488281
95.34672076141556829043	0.76193034648895263672	0.23806965351104736328
95.55907425977061109279	0.76163738965988159180	0.23836261034011840820
95.77142775812565389515	0.76104956865310668945	0.23895043134689331055
95.98378125648069669751	0.76016062498092651367	0.23983937501907348633
96.19613475483575371072	0.75896495580673217773	0.24103504419326782227
96.40848825319079651308	0.75745737552642822266	0.24254262447357177734
96.62084175154583931544	0.75563323497772216797	0.24436676502227783203
96.83319524990088211780	0.75348842144012451172	0.24651157855987548828
97.04554874825592492016	0.75101935863494873047	0.24898064136505126953
97.25790224661098193337	0.74822306632995605469	0.25177693367004394531
97.47025574496602473573	0.74509692192077636719	0.25490307807922363281
97.68260924332106753809	0.74163925647735595703	0.25836074352264404297
97.89496274167611034045	0.73784857988357543945	0.26215142011642456055
98.10731624003115314281	0.73372429609298706055	0.26627570390701293945
98.31966973838621015602	0.72926628589630126953	0.27073371410369873047
98.53202323674125295838	0.72447502613067626953	0.27552497386932373047
98.74437673509629576074	0.71935158967971801758	0.28064841032028198242
98.95673023345133856310	0.71389770507812500000	0.28610229492187500000
99.16908373180639557631	0.70811569690704345703	0.29188430309295654297
99.38143723016143837867	0.70200848579406738281	0.29799151420593261719
99.59379072851648118103	0.69557958841323852539	0.30442041158676147461
99.80614422687152398339	0.68883311748504638672	0.31116688251495361328
100.01849772522656678575	0.68177390098571777344	0.31822609901428222656
100.23085122358162379896	0.67440724372863769531	0.32559275627136230469
100.44320472193666660132	0.66673898696899414062	0.33326101303100585938
100.65555822029170940368	0.65877580642700195312	0.34122419357299804688
100.86791171864675220604	0.65052461624145507812	0.34947538375854492188
101.08026521700179500840	0.64199316501617431641	0.35800683498382568359
101.29261871535685202161	0.63318955898284912109	0.36681044101715087891
101.50497221371189482397	0.62412267923355102539	0.37587732076644897461
101.71732571206693762633	0.61480164527893066406	0.38519835472106933594
101.92967921042198042869	0.60523623228073120117	0.39476376771926879883
102.14203270877702323105	0.59543675184249877930	0.40456324815750122070
102.35438620713208024426	0.58541399240493774414	0.41458600759506225586
102.56673970548712304662	0.57517904043197631836	0.42482095956802368164
102.77909320384216584898	0.56474351882934570312	0.43525648117065429688
102.99144670219720865134	0.55411958694458007812	0.44588041305541992188
103.20380020055226566456	0.54331970214843750000	0.45668029785156250000
103.41615369890730846691	0.53235656023025512695	0.46764343976974487305
103.62850719726235126927	0.52124351263046264648	0.47875648736953735352
103.84086069561739407163	0.50999397039413452148	0.49000602960586547852
104.05321419397243687399	0.49862176179885864258	0.50137823820114135742
104.26556769232749388721	0.48714107275009155273	0.51285892724990844727
104.47792119068253668956	0.47556623816490173340	0.52443376183509826660
104.69027468903757949192	0.46391189098358154297	0.53608810901641845703
104.90262818739262229428	0.45219284296035766602	0.54780715703964233398
105.11498168574766509664	0.44042408466339111328	0.55957591533660888672
105.32733518410272210986	0.42862078547477722168	0.57137921452522277832
105.53968868245776491221	0.41679826378822326660	0.58320173621177673340
105.75204218081280771457	0.40497192740440368652	0.59502807259559631348
105.96439567916785051693	0.39315721392631530762	0.60684278607368469238
106.17674917752289331929	0.38136970996856689453	0.61863029003143310547
106.38910267587795033251	0.36962494254112243652	0.63037505745887756348
106.60145617423299313486	0.35793846845626831055	0.64206153154373168945
106.81380967258803593722	0.34632584452629089355	0.65367415547370910645
107.02616317094307873958	0.33480250835418701172	0.66519749164581298828
107.23851666929813575280	0.32338383793830871582	0.67661616206169128418
107.45087016765317855516	0.31208515167236328125	0.68791484832763671875
107.66322366600822135752	0.30092155933380126953	0.69907844066619873047
107.87557716436326415987	0.28990808129310607910	0.71009191870689392090
108.08793066271830696223	0.27905946969985961914	0.72094053030014038086
108.30028416107336397545	0.26839035749435424805	0.73160964250564575195
108.51263765942840677781	0.25791504979133605957	0.74208495020866394043
108.72499115778344958017	0.24764764308929443359	0.75235235691070556641
108.93734465613849238252	0.23760195076465606689	0.76239804923534393311
109.14969815449353518488	0.22779144346714019775	0.77220855653285980225
109.36205165284859219810	0.21822927892208099365	0.78177072107791900635
109.57440515120363500046	0.20892828702926635742	0.79107171297073364258
109.78675864955867780282	0.19990085065364837646	0.80009914934635162354
109.99911214791372060517	0.19115903973579406738	0.80884096026420593262
110.21146564626876340753	0.18271443247795104980	0.81728556752204895020
110.42381914462382042075	0.17457820475101470947	0.82542179524898529053
110.63617264297886322311	0.16676110029220581055	0.83323889970779418945
110.84852614133390602547	0.15927332639694213867	0.84072667360305786133
111.06087963968894882782	0.15212465822696685791	0.84787534177303314209
111.27323313804400584104	0.14532430469989776611	0.85467569530010223389
111.48558663639904864340	0.13888099789619445801	0.86111900210380554199
111.69794013475409144576	0.13280291855335235596	0.86719708144664764404
111.91029363310913424812	0.12709769606590270996	0.87290230393409729004
112.12264713146417705047	0.12177235633134841919	0.87822764366865158081
112.33500062981923406369	0.11683341115713119507	0.88316658884286880493
112.54735412817427686605	0.11228673160076141357	0.88771326839923858643
112.75970762652931966841	0.10813762992620468140	0.89186237007379531860
112.97206112488436247077	0.10439077764749526978	0.89560922235250473022
113.18441462323940527313	0.10105025768280029297	0.89894974231719970703
113.39676812159446228634	0.09811951965093612671	0.90188048034906387329
113.60912161994950508870	0.09560139477252960205	0.90439860522747039795
113.82147511830454789106	0.09349808096885681152	0.90650191903114318848
114.03382861665959069342	0.09181115031242370605	0.90818884968757629395
114.24618211501463349578	0.09054151922464370728	0.90945848077535629272
114.45853561336969050899	0.08968949317932128906	0.91031050682067871094
114.67088911172473331135	0.08925472944974899292	0.91074527055025100708
114.88324261007977611371	0.08923625946044921875	0.91076374053955078125
115.09559610843481891607	0.08963248133659362793	0.91036751866340637207
115.30794960678987592928	0.09044116735458374023	0.90955883264541625977
115.52030310514491873164	0.09165945649147033691	0.90834054350852966309
115.73265660349996153400	0.09328390657901763916	0.90671609342098236084
115.94501010185500433636	0.09531043469905853271	0.90468956530094146729
116.15736360021004713872	0.09773436933755874634	0.90226563066244125366
116.36971709856510415193	0.10055045783519744873	0.89944954216480255127
116.58207059692014695429	0.10375286638736724854	0.89624713361263275146
116.79442409527518975665	0.10733519494533538818	0.89266480505466461182
117.00677759363023255901	0.11129048466682434082	0.88870951533317565918
117.21913109198527536137	0.11561124771833419800	0.88438875228166580200
117.43148459034033237458	0.12028947472572326660	0.87971052527427673340
117.64383808869537517694	0.12531663477420806885	0.87468336522579193115
117.85619158705041797930	0.13068372011184692383	0.86931627988815307617
118.06854508540546078166	0.13638123869895935059	0.86361876130104064941
118.28089858376050358402	0.14239925146102905273	0.85760074853897094727
118.49325208211556059723	0.14872738718986511230	0.85127261281013488770
118.70560558047060339959	0.15535485744476318359	0.84464514255523681641
118.91795907882564620195	0.16227045655250549316	0.83772954344749450684
119.13031257718068900431	0.16946265101432800293	0.83053734898567199707
119.34266607553574601752	0.17691950500011444092	0.82308049499988555908
119.55501957389078881988	0.18462879955768585205	0.81537120044231414795
119.76737307224583162224	0.19257798790931701660	0.80742201209068298340
119.97972657060087442460	0.20075425505638122559	0.79924574494361877441
120.19208006895591722696	0.20914448797702789307	0.79085551202297210693
120.40443356731097424017	0.21773539483547210693	0.78226460516452789307
120.61678706566601704253	0.22651343047618865967	0.77348656952381134033
120.82914056402105984489	0.23546490073204040527	0.76453509926795959473
121.04149406237610264725	0.24457591772079467773	0.75542408227920532227
121.25384756073114544961	0.25383248925209045410	0.74616751074790954590
121.46620105908620246282	0.26322045922279357910	0.73677954077720642090
121.67855455744124526518	0.27272564172744750977	0.72727435827255249023
121.89090805579628806754	0.28233376145362854004	0.71766623854637145996
122.10326155415133086990	0.29203054308891296387	0.70796945691108703613
122.31561505250638788311	0.30180162191390991211	0.69819837808609008789
122.52796855086143068547	0.31163272261619567871	0.68836727738380432129
122.74032204921647348783	0.32150954008102416992	0.67849045991897583008
122.95267554757151629019	0.33141791820526123047	0.66858208179473876953
123.16502904592655909255	0.34134367108345031738	0.65865632891654968262
123.37738254428161610576	0.35127282142639160156	0.64872717857360839844
123.58973604263665890812	0.36119145154953002930	0.63880854845046997070
123.80208954099170171048	0.37108579277992248535	0.62891420722007751465
124.01444303934674451284	0.38094231486320495605	0.61905768513679504395
124.22679653770178731520	0.39074760675430297852	0.60925239324569702148
124.43915003605684432841	0.40048849582672119141	0.59951150417327880859
124.65150353441188713077	0.41015210747718811035	0.58984789252281188965
124.86385703276692993313	0.41972568631172180176	0.58027431368827819824
125.07621053112197273549	0.42919683456420898438	0.57080316543579101562
125.28856402947701553785	0.43855348229408264160	0.56144651770591735840
125.50091752783207255106	0.44778376817703247070	0.55221623182296752930
125.71327102618711535342	0.45687618851661682129	0.54312381148338317871
125.92562452454215815578	0.46581965684890747070	0.53418034315109252930
126.13797802289720095814	0.47460335493087768555	0.52539664506912231445
126.35033152125225797135	0.48321682214736938477	0.51678317785263061523
126.56268501960730077371	0.49165004491806030273	0.50834995508193969727
126.77503851796234357607	0.49989336729049682617	0.50010663270950317383
126.98739201631738637843	0.50793755054473876953	0.49206244945526123047
127.19974551467242918079	0.51577383279800415039	0.48422616720199584961
127.41209901302748619401	0.52339375019073486328	0.47660624980926513672
127.62445251138252899636	0.53078943490982055664	0.46921056509017944336
127.83680600973757179872	0.53795337677001953125	0.46204662322998046875
128.04915950809262881194	0.54487854242324829102	0.45512145757675170898
128.26151300644767161430	0.55155831575393676758	0.44844168424606323242
128.47386650480271441666	0.55798667669296264648	0.44201332330703735352
128.68622000315775721901	0.56415802240371704102	0.43584197759628295898
128.89857350151280002137	0.57006722688674926758	0.42993277311325073242
129.11092699986784282373	0.57570964097976684570	0.42429035902023315430
129.32328049822288562609	0.58108115196228027344	0.41891884803771972656
129.53563399657792842845	0.58617812395095825195	0.41382187604904174805
129.74798749493297123081	0.59099745750427246094	0.40900254249572753906
129.96034099328804245488	0.59553641080856323242	0.40446358919143676758
130.17269449164308525724	0.59979295730590820312	0.40020704269409179688
130.38504798999812805960	0.60376542806625366211	0.39623457193374633789
130.59740148835317086196	0.60745269060134887695	0.39254730939865112305
130.80975498670821366431	0.61085420846939086914	0.38914579153060913086
131.02210848506325646667	0.61396968364715576172	0.38603031635284423828
131.23446198341829926903	0.61679965257644653320	0.38320034742355346680
131.44681548177334207139	0.61934489011764526367	0.38065510988235473633
131.65916898012838487375	0.62160670757293701172	0.37839329242706298828
131.87152247848342767611	0.62358695268630981445	0.37641304731369018555
132.08387597683849890018	0.62528800964355468750	0.37471199035644531250
132.29622947519354170254	0.62671250104904174805	0.37328749895095825195
132.50858297354858450490	0.62786376476287841797	0.37213623523712158203
132.72093647190362730726	0.62874537706375122070	0.37125462293624877930
132.93328997025867010962	0.62936156988143920898	0.37063843011856079102
133.14564346861371291197	0.62971681356430053711	0.37028318643569946289
133.35799696696875571433	0.62981605529785156250	0.37018394470214843750
133.57035046532379851669	0.62966471910476684570	0.37033528089523315430
133.78270396367884131905	0.62926864624023437500	0.37073135375976562500
133.99505746203391254312	0.62863391637802124023	0.37136608362197875977
134.20741096038895534548	0.62776714563369750977	0.37223285436630249023
134.41976445874399814784	0.62667518854141235352	0.37332481145858764648
134.63211795709904095020	0.62536537647247314453	0.37463462352752685547
134.84447145545408375256	0.62384521961212158203	0.37615478038787841797
135.05682495380912655492	0.62212270498275756836	0.37787729501724243164
135.26917845216416935727	0.62020599842071533203	0.37979400157928466797
135.48153195051921215963	0.61810368299484252930	0.38189631700515747070
135.69388544887425496199	0.61582446098327636719	0.38417553901672363281
135.90623894722932618606	0.61337739229202270508	0.38662260770797729492
136.11859244558436898842	0.61077183485031127930	0.38922816514968872070
136.33094594393941179078	0.60801726579666137695	0.39198273420333862305
136.54329944229445459314	0.60512334108352661133	0.39487665891647338867
136.75565294064949739550	0.60210007429122924805	0.39789992570877075195
136.96800643900454019786	0.59895747900009155273	0.40104252099990844727
137.18035993735958300022	0.59570586681365966797	0.40429413318634033203
137.39271343571462580258	0.59235554933547973633	0.40764445066452026367
137.60506693406966860493	0.58891701698303222656	0.41108298301696777344
137.81742043242471140729	0.58540099859237670898	0.41459900140762329102
138.02977393077978263136	0.58181816339492797852	0.41818183660507202148
138.24212742913482543372	0.57817924022674560547	0.42182075977325439453
138.45448092748986823608	0.57449501752853393555	0.42550498247146606445
138.66683442584491103844	0.57077646255493164062	0.42922353744506835938
138.87918792419995384080	0.56703436374664306641	0.43296563625335693359
139.09154142255499664316	0.56327968835830688477	0.43672031164169311523
139.30389492091003944552	0.55952328443527221680	0.44047671556472778320
139.51624841926508224788	0.55577588081359863281	0.44422411918640136719
139.72860191762012505023	0.55204844474792480469	0.44795155525207519531
139.94095541597519627430	0.54835152626037597656	0.45164847373962402344
140.15330891433023907666	0.54469585418701171875	0.45530414581298828125
140.36566241268528187902	0.54109203815460205078	0.45890796184539794922
140.57801591104032468138	0.53755033016204833984	0.46244966983795166016
140.79036940939536748374	0.53408122062683105469	0.46591877937316894531
141.00272290775041028610	0.53069472312927246094	0.46930527687072753906
141.21507640610545308846	0.52740097045898437500	0.47259902954101562500
141.42742990446049589082	0.52420967817306518555	0.47579032182693481445
141.63978340281553869318	0.52113056182861328125	0.47886943817138671875
141.85213690117058149553	0.51817297935485839844	0.48182702064514160156
142.06449039952565271960	0.51534628868103027344	0.48465371131896972656
142.27684389788069552196	0.51265937089920043945	0.48734062910079956055
142.48919739623573832432	0.51012104749679565430	0.48987895250320434570
142.70155089459078112668	0.50773972272872924805	0.49226027727127075195
142.91390439294582392904	0.50552374124526977539	0.49447625875473022461
143.12625789130086673140	0.50348103046417236328	0.49651896953582763672
143.33861138965590953376	0.50161921977996826172	0.49838078022003173828
143.55096488801095233612	0.49994567036628723145	0.50005432963371276855
143.76331838636599513848	0.49846744537353515625	0.50153255462646484375
143.97567188472106636254	0.49719125032424926758	0.50280874967575073242
144.18802538307610916490	0.49612346291542053223	0.50387653708457946777
144.40037888143115196726	0.49527010321617126465	0.50472989678382873535
144.61273237978619476962	0.49463689327239990234	0.50536310672760009766
144.82508587814123757198	0.49422910809516906738	0.50577089190483093262
145.03743937649628037434	0.49405169486999511719	0.50594830513000488281
145.24979287485132317670	0.49410918354988098145	0.50589081645011901855
145.46214637320636597906	0.49440577626228332520	0.50559422373771667480
145.67449987156140878142	0.49494516849517822266	0.50505483150482177734
145.88685336991645158378	0.49573075771331787109	0.50426924228668212891
146.09920686827152280785	0.49676543474197387695	0.50323456525802612305
146.31156036662656561020	0.49805170297622680664	0.50194829702377319336
146.52391386498160841256	0.49959164857864379883	0.50040835142135620117
146.73626736333665121492	0.50138694047927856445	0.49861305952072143555
146.94862086169169401728	0.50343871116638183594	0.49656128883361816406
147.16097436004673681964	0.50574773550033569336	0.49425226449966430664
147.37332785840177962200	0.50831437110900878906	0.49168562889099121094
147.58568135675682242436	0.51113831996917724609	0.48886168003082275391
147.79803485511186522672	0.51421910524368286133	0.48578089475631713867
148.01038835346693645079	0.51755559444427490234	0.48244440555572509766
148.22274185182197925315	0.52114623785018920898	0.47885376214981079102
148.43509535017702205550	0.52498906850814819336	0.47501093149185180664
148.64744884853206485786	0.52908164262771606445	0.47091835737228393555
148.85980234688710766022	0.53342092037200927734	0.46657907962799072266
149.07215584524215046258	0.53800356388092041016	0.46199643611907958984
149.28450934359719326494	0.54282575845718383789	0.45717424154281616211
149.49686284195223606730	0.54788315296173095703	0.45211684703826904297
149.70921634030727886966	0.55317097902297973633	0.44682902097702026367
149.92156983866232167202	0.55868399143218994141	0.44131600856781005859
150.13392333701739289609	0.56441652774810791016	0.43558347225189208984
150.34627683537243569845	0.57036244869232177734	0.42963755130767822266
150.55863033372747850080	0.57651531696319580078	0.42348468303680419922
150.77098383208252130316	0.58286798000335693359	0.41713201999664306641
150.98333733043756410552	0.58941322565078735352	0.41058677434921264648
151.19569082879260690788	0.59614306688308715820	0.40385693311691284180
151.40804432714764971024	0.60304945707321166992	0.39695054292678833008
151.62039782550269251260	0.61012369394302368164	0.38987630605697631836
151.83275132385773531496	0.61735677719116210938	0.38264322280883789062
152.04510482221280653903	0.62473946809768676758	0.37526053190231323242
152.25745832056784934139	0.63226199150085449219	0.36773800849914550781
152.46981181892289214375	0.63991433382034301758	0.36008566617965698242
152.68216531727793494611	0.64768618345260620117	0.35231381654739379883
152.89451881563297774846	0.65556681156158447266	0.34443318843841552734
153.10687231398802055082	0.66354525089263916016	0.33645474910736083984
153.31922581234306335318	0.67161029577255249023	0.32838970422744750977
153.53157931069810615554	0.67975044250488281250	0.32024955749511718750
153.74393280905314895790	0.68795400857925415039	0.31204599142074584961
153.95628630740819176026	0.69620901346206665039	0.30379098653793334961
154.16863980576326298433	0.70450329780578613281	0.29549670219421386719
154.38099330411830578669	0.71282446384429931641	0.28717553615570068359
154.59334680247334858905	0.72116017341613769531	0.27883982658386230469
154.80570030082839139141	0.72949767112731933594	0.27050232887268066406
155.01805379918343419376	0.73782426118850708008	0.26217573881149291992
155.23040729753847699612	0.74612712860107421875	0.25387287139892578125
155.44276079589351979848	0.75439321994781494141	0.24560678005218505859
155.65511429424856260084	0.76260972023010253906	0.23739027976989746094
155.86746779260360540320	0.77076351642608642578	0.22923648357391357422
156.07982129095867662727	0.77884167432785034180	0.22115832567214965820
156.29217478931371942963	0.78683108091354370117	0.21316891908645629883
156.50452828766876223199	0.79471892118453979492	0.20528107881546020508
156.71688178602380503435	0.80249214172363281250	0.19750785827636718750
156.92923528437884783671	0.81013804674148559570	0.18986195325851440430
157.14158878273389063907	0.81764382123947143555	0.18235617876052856445
157.35394228108893344142	0.82499694824218750000	0.17500305175781250000
157.56629577944397624378	0.83218485116958618164	0.16781514883041381836
157.77864927779901904614	0.83919543027877807617	0.16080456972122192383
157.99100277615406184850	0.84601646661758422852	0.15398353338241577148
158.20335627450913307257	0.85263609886169433594	0.14736390113830566406
158.41570977286417587493	0.85904270410537719727	0.14095729589462280273
158.62806327121921867729	0.86522489786148071289	0.13477510213851928711
158.84041676957426147965	0.87117153406143188477	0.12882846593856811523
159.05277026792930428201	0.87687176465988159180	0.12312823534011840820
159.26512376628434708437	0.88231515884399414062	0.11768484115600585938
159.47747726463938988672	0.88749146461486816406	0.11250853538513183594
159.68983076299443268908	0.89239078760147094727	0.10760921239852905273
159.90218426134947549144	0.89700376987457275391	0.10299623012542724609
160.11453775970454671551	0.90132123231887817383	0.09867876768112182617
160.32689125805958951787	0.90533447265625000000	0.09466552734375000000
160.53924475641463232023	0.90903526544570922852	0.09096473455429077148
160.75159825476967512259	0.91241574287414550781	0.08758425712585449219
160.96395175312471792495	0.91546851396560668945	0.08453148603439331055
161.17630525147976072731	0.91818654537200927734	0.08181345462799072266
161.38865874983480352967	0.92056345939636230469	0.07943654060363769531
161.60101224818984633202	0.92259323596954345703	0.07740676403045654297
161.81336574654488913438	0.92427027225494384766	0.07572972774505615234
162.02571924489993193674	0.92558974027633666992	0.07441025972366333008
162.23807274325500316081	0.92654705047607421875	0.07345294952392578125
162.45042624161004596317	0.92713832855224609375	0.07286167144775390625
162.66277973996508876553	0.92736005783081054688	0.07263994216918945312
162.87513323832013156789	0.92720949649810791016	0.07279050350189208984
163.08748673667517437025	0.92668420076370239258	0.07331579923629760742
163.29984023503021717261	0.92578256130218505859	0.07421743869781494141
163.51219373338525997497	0.92450326681137084961	0.07549673318862915039
163.72454723174030277733	0.92284578084945678711	0.07715421915054321289
163.93690073009534557968	0.92080998420715332031	0.07919001579284667969
164.14925422845041680375	0.91839647293090820312	0.08160352706909179688
164.36160772680545960611	0.91560631990432739258	0.08439368009567260742
164.57396122516050240847	0.91244119405746459961	0.08755880594253540039
164.78631472351554521083	0.90890341997146606445	0.09109658002853393555
164.99866822187058801319	0.90499585866928100586	0.09500414133071899414
165.21102172022563081555	0.90072190761566162109	0.09927809238433837891
165.42337521858067361791	0.89608567953109741211	0.10391432046890258789
165.63572871693571642027	0.89109164476394653320	0.10890835523605346680
165.84808221529075922263	0.88574504852294921875	0.11425495147705078125
166.06043571364580202498	0.88005161285400390625	0.11994838714599609375
166.27278921200087324905	0.87401765584945678711	0.12598234415054321289
166.48514271035591605141	0.86765003204345703125	0.13234996795654296875
166.69749620871095885377	0.86095607280731201172	0.13904392719268798828
166.90984970706600165613	0.85394376516342163086	0.14605623483657836914
167.12220320542104445849	0.84662157297134399414	0.15337842702865600586
167.33455670377608726085	0.83899849653244018555	0.16100150346755981445
167.54691020213113006321	0.83108395338058471680	0.16891604661941528320
167.75926370048617286557	0.82288795709609985352	0.17711204290390014648
167.97161719884121566793	0.81442087888717651367	0.18557912111282348633
168.18397069719628689199	0.80569368600845336914	0.19430631399154663086
168.39632419555132969435	0.79671770334243774414	0.20328229665756225586
168.60867769390637249671	0.78750467300415039062	0.21249532699584960938
168.82103119226141529907	0.77806675434112548828	0.22193324565887451172
169.03338469061645810143	0.76841652393341064453	0.23158347606658935547
169.24573818897150090379	0.75856685638427734375	0.24143314361572265625
169.45809168732654370615	0.74853098392486572266	0.25146901607513427734
169.67044518568158650851	0.73832255601882934570	0.26167744398117065430
169.88279868403662931087	0.72795534133911132812	0.27204465866088867188
170.09515218239167211323	0.71744352579116821289	0.28255647420883178711
170.30750568074674333729	0.70680147409439086914	0.29319852590560913086
170.51985917910178613965	0.69604372978210449219	0.30395627021789550781
170.73221267745682894201	0.68518513441085815430	0.31481486558914184570
170.94456617581187174437	0.67424058914184570312	0.32575941085815429688
171.15691967416691454673	0.66322517395019531250	0.33677482604980468750
171.36927317252195734909	0.65215408802032470703	0.34784591197967529297
171.58162667087700015145	0.64104259014129638672	0.35895740985870361328
171.79398016923204295381	0.62990599870681762695	0.37009400129318237305
172.00633366758708575617	0.61875963211059570312	0.38124036788940429688
172.21868716594215698024	0.60761880874633789062	0.39238119125366210938
172.43104066429719978260	0.59649878740310668945	0.40350121259689331055
172.64339416265224258495	0.58541482686996459961	0.41458517313003540039
172.85574766100728538731	0.57438200712203979492	0.42561799287796020508
173.06810115936232818967	0.56341534852981567383	0.43658465147018432617
173.28045465771737099203	0.55252969264984130859	0.44747030735015869141
173.49280815607241379439	0.54173958301544189453	0.45826041698455810547
173.70516165442745659675	0.53105956315994262695	0.46894043684005737305
173.91751515278249939911	0.52050375938415527344	0.47949624061584472656
174.12986865113754220147	0.51008617877960205078	0.48991382122039794922
174.34222214949261342554	0.49982038140296936035	0.50017961859703063965
174.55457564784765622790	0.48971974849700927734	0.51028025150299072266
174.76692914620269903025	0.47979721426963806152	0.52020278573036193848
174.97928264455774183261	0.47006541490554809570	0.52993458509445190430
175.19163614291278463497	0.46053659915924072266	0.53946340084075927734
175.40398964126782743733	0.45122253894805908203	0.54877746105194091797
175.61634313962287023969	0.44213464856147766113	0.55786535143852233887
175.82869663797791304205	0.43328389525413513184	0.56671610474586486816
176.04105013633295584441	0.42468070983886718750	0.57531929016113281250
176.25340363468802706848	0.41633513569831848145	0.58366486430168151855
176.46575713304306987084	0.40825662016868591309	0.59174337983131408691
176.67811063139811267320	0.40045416355133056641	0.59954583644866943359
176.89046412975315547556	0.39293622970581054688	0.60706377029418945312
177.10281762810819827791	0.38571074604988098145	0.61428925395011901855
177.31517112646324108027	0.37878507375717163086	0.62121492624282836914
177.52752462481828388263	0.37216600775718688965	0.62783399224281311035
177.73987812317332668499	0.36585986614227294922	0.63414013385772705078
177.95223162152836948735	0.35987225174903869629	0.64012774825096130371
178.16458511988341228971	0.35420829057693481445	0.64579170942306518555
178.37693861823848351378	0.34887248277664184570	0.65112751722335815430
178.58929211659352631614	0.34386882185935974121	0.65613117814064025879
178.80164561494856911850	0.33920058608055114746	0.66079941391944885254
179.01399911330361192086	0.33487057685852050781	0.66512942314147949219
179.22635261165865472321	0.33088093996047973633	0.66911906003952026367
179.43870611001369752557	0.32723325490951538086	0.67276674509048461914
179.65105960836874032793	0.32392850518226623535	0.67607149481773376465
179.86341310672378313029	0.32096713781356811523	0.67903286218643188477
180.07576660507882593265	0.31834897398948669434	0.68165102601051330566
180.28812010343389715672	0.31607326865196228027	0.68392673134803771973
180.50047360178893995908	0.31413871049880981445	0.68586128950119018555
180.71282710014398276144	0.31254345178604125977	0.68745654821395874023
180.92518059849902556380	0.31128504872322082520	0.68871495127677917480
181.13753409685406836616	0.31036052107810974121	0.68963947892189025879
181.34988759520911116851	0.30976635217666625977	0.69023364782333374023
181.56224109356415397087	0.30949848890304565430	0.69050151109695434570
181.77459459191919677323	0.30955240130424499512	0.69044759869575500488
181.98694809027423957559	0.30992299318313598633	0.69007700681686401367
182.19930158862928237795	0.31060466170310974121	0.68939533829689025879
182.41165508698435360202	0.31159135699272155762	0.68840864300727844238
182.62400858533939640438	0.31287649273872375488	0.68712350726127624512
182.83636208369443920674	0.31445309519767761230	0.68554690480232238770
183.04871558204948200910	0.31631368398666381836	0.68368631601333618164
183.26106908040452481146	0.31845030188560485840	0.68154969811439514160
183.47342257875956761382	0.32085466384887695312	0.67914533615112304688
183.68577607711461041617	0.32351794838905334473	0.67648205161094665527
183.89812957546965321853	0.32643100619316101074	0.67356899380683898926
184.11048307382469602089	0.32958430051803588867	0.67041569948196411133
184.32283657217976724496	0.33296787738800048828	0.66703212261199951172
184.53519007053481004732	0.33657148480415344238	0.66342851519584655762
184.74754356888985284968	0.34038448333740234375	0.65961551666259765625
184.95989706724489565204	0.34439593553543090820	0.65560406446456909180
185.17225056559993845440	0.34859454631805419922	0.65140545368194580078
185.38460406395498125676	0.35296881198883056641	0.64703118801116943359
185.59695756231002405912	0.35750687122344970703	0.64249312877655029297
185.80931106066506686147	0.36219668388366699219	0.63780331611633300781
186.02166455902010966383	0.36702588200569152832	0.63297411799430847168
186.23401805737515246619	0.37198197841644287109	0.62801802158355712891
186.44637155573022369026	0.37705224752426147461	0.62294775247573852539
186.65872505408526649262	0.38222375512123107910	0.61777624487876892090
186.87107855244030929498	0.38748344779014587402	0.61251655220985412598
187.08343205079535209734	0.39281812310218811035	0.60718187689781188965
187.29578554915039489970	0.39821448922157287598	0.60178551077842712402
187.50813904750543770206	0.40365916490554809570	0.59634083509445190430
187.72049254586048050442	0.40913861989974975586	0.59086138010025024414
187.93284604421552330678	0.41463941335678100586	0.58536058664321899414
188.14519954257056610913	0.42014798521995544434	0.57985201478004455566
188.35755304092563733320	0.42565083503723144531	0.57434916496276855469
188.56990653928068013556	0.43113446235656738281	0.56886553764343261719
188.78226003763572293792	0.43658539652824401855	0.56341460347175598145
188.99461353599076574028	0.44199028611183166504	0.55800971388816833496
189.20696703434580854264	0.44733589887619018555	0.55266410112380981445
189.41932053270085134500	0.45260909199714660645	0.54739090800285339355
189.63167403105589414736	0.45779690146446228027	0.54220309853553771973
189.84402752941093694972	0.46288654208183288574	0.53711345791816711426
190.05638102776597975208	0.46786540746688842773	0.53213459253311157227
190.26873452612102255443	0.47272115945816040039	0.52727884054183959961
190.48108802447609377850	0.47744166851043701172	0.52255833148956298828
190.69344152283113658086	0.48201519250869750977	0.51798480749130249023
190.90579502118617938322	0.48643013834953308105	0.51356986165046691895
191.11814851954122218558	0.49067535996437072754	0.50932464003562927246
191.33050201789626498794	0.49474006891250610352	0.50525993108749389648
191.54285551625130779030	0.49861374497413635254	0.50138625502586364746
191.75520901460635059266	0.50228637456893920898	0.49771362543106079102
191.96756251296139339502	0.50574827194213867188	0.49425172805786132812
192.17991601131643619738	0.50899034738540649414	0.49100965261459350586
192.39226950967150742144	0.51200377941131591797	0.48799622058868408203
192.60462300802655022380	0.51478028297424316406	0.48521971702575683594
192.81697650638159302616	0.51731216907501220703	0.48268783092498779297
193.02933000473663582852	0.51959216594696044922	0.48040783405303955078
193.24168350309167863088	0.52161353826522827148	0.47838646173477172852
193.45403700144672143324	0.52337008714675903320	0.47662991285324096680
193.66639049980176423560	0.52485620975494384766	0.47514379024505615234
193.87874399815680703796	0.52606683969497680664	0.47393316030502319336
194.09109749651184984032	0.52699744701385498047	0.47300255298614501953
194.30345099486692106439	0.52764415740966796875	0.47235584259033203125
194.51580449322196386674	0.52800357341766357422	0.47199642658233642578
194.72815799157700666910	0.52807313203811645508	0.47192686796188354492
194.94051148993204947146	0.52785056829452514648	0.47214943170547485352
195.15286498828709227382	0.52733439207077026367	0.47266560792922973633
195.36521848664213507618	0.52652376890182495117	0.47347623109817504883
195.57757198499717787854	0.52541834115982055664	0.47458165884017944336
195.78992548335222068090	0.52401840686798095703	0.47598159313201904297
196.00227898170726348326	0.52232491970062255859	0.47767508029937744141
196.21463248006230628562	0.52033931016921997070	0.47966068983078002930
196.42698597841737750969	0.51806372404098510742	0.48193627595901489258
196.63933947677242031205	0.51550090312957763672	0.48449909687042236328
196.85169297512746311440	0.51265400648117065430	0.48734599351882934570
197.06404647348250591676	0.50952696800231933594	0.49047303199768066406
197.27639997183754871912	0.50612419843673706055	0.49387580156326293945
197.48875347019259152148	0.50245064496994018555	0.49754935503005981445
197.70110696854763432384	0.49851182103157043457	0.50148817896842956543
197.91346046690267712620	0.49431374669075012207	0.50568625330924987793
198.12581396525771992856	0.48986300826072692871	0.51013699173927307129
198.33816746361279115263	0.48516666889190673828	0.51483333110809326172
198.55052096196783395499	0.48023229837417602539	0.51976770162582397461
198.76287446032287675735	0.47506791353225708008	0.52493208646774291992
198.97522795867791955970	0.46968200802803039551	0.53031799197196960449
199.18758145703296236206	0.46408352255821228027	0.53591647744178771973
199.39993495538800516442	0.45828184485435485840	0.54171815514564514160
199.61228845374304796678	0.45228669047355651855	0.54771330952644348145
199.82464195209809076914	0.44610828161239624023	0.55389171838760375977
200.03699545045313357150	0.43975716829299926758	0.56024283170700073242
