6.254582606901910292e-12
7.670516954428629934e-11
2.960683696574516040e-10
7.486393687121467853e-10
1.516308480476158414e-09
2.675335482132795578e-09
4.291190863515946549e-09
6.411464612468373294e-09
9.057442419562781826e-09
1.221574321058219688e-08
1.583217528027146484e-08
1.981029462653592227e-08
2.401660232385753318e-08
2.829274516070433052e-08
3.247290168247734912e-08
3.640267984769224862e-08
3.995527071635290547e-08
4.304161192927247555e-08
4.561336966578434226e-08
4.765963448211420670e-08
4.919952309566627076e-08
5.027314497725289660e-08
5.093289931551352708e-08
5.123627031417720880e-08
5.124055135700975728e-08
5.099942343912176340e-08
5.056105520738717581e-08
4.996731778563785369e-08
4.925373939511772707e-08
4.844990127987431557e-08
4.758006000078370316e-08
4.666385359251528582e-08
4.571700453436478987e-08
4.475197149784907083e-08
4.377852746214373952e-08
4.280425755711276318e-08
4.183497898899470637e-08
4.087508999930079016e-08
3.992785669314562831e-08
3.899564688640615569e-08
3.808011959134579086e-08
3.718237783749830708e-08
3.630309147157427436e-08
3.544259554247308102e-08
3.460096892756038576e-08
3.377809702409816107e-08
3.297372162108639413e-08
3.218748047433015527e-08
3.141893861961913784e-08
3.066761306023773349e-08
2.993299214211341924e-08
2.921455066905217683e-08
2.851176160127832583e-08
2.782410501243008468e-08
2.715107484587189983e-08
2.649218390380599430e-08
2.584696741695647063e-08
2.521498547419813712e-08
2.459582453699592685e-08
2.398909821998680662e-08
2.339444748438019591e-08
2.281154036321564390e-08
2.224007131546555159e-08
2.167976028833421981e-08
2.113035155310270486e-08
2.059161236856231812e-08
2.006333151704983406e-08
1.954531775083804830e-08
1.903739818068217440e-08
1.853941663351376703e-08
1.805123200227464922e-08
1.757271660754008240e-08
1.710375458774449537e-08
1.664424033239055531e-08
1.619407697041955213e-08
1.575317492409724033e-08
1.532145053694982546e-08
1.489882478273258189e-08
1.448522206094646070e-08
1.408056908304579724e-08
1.368479385218977480e-08
1.329782473822436987e-08
1.291958964846339780e-08
1.255001529382591047e-08
1.218902654894493462e-08
1.183654590403216590e-08
1.149249300553290153e-08
1.115678428193153420e-08
1.082933265053213841e-08
1.051004730055448861e-08
1.019883354750189131e-08
9.895592753506654979e-09
9.600222308130574624e-09
9.312615664001119923e-09
9.032662421610067499e-09
8.760248457673914333e-09
8.495256091486316217e-09
8.237564283922541208e-09
7.987048863893546101e-09
7.743582777318165713e-09
7.507036353962120517e-09
7.277277587775730913e-09
7.054172426692319509e-09
6.837585068176491425e-09
6.627378257156979432e-09
6.423413583308175347e-09
6.225551774991894065e-09
6.033652987485556253e-09
5.847577083451122424e-09
5.667183903899579495e-09
5.492333528187049644e-09
5.322886521851016609e-09
5.158704171350905620e-09
4.999648704991713840e-09
4.845583499532582166e-09
4.696373272164186421e-09
4.551884257711618231e-09
4.411984371062197231e-09
4.276543354955539821e-09
4.145432913385556529e-09
4.018526830953004214e-09
3.895701078596587953e-09
3.776833906195681716e-09
3.661805922582442379e-09
3.550500163552709279e-09
3.442802148490334589e-09
3.338599926240109595e-09
3.237784110875302949e-09
3.140247908016285009e-09
3.045887132345444519e-09
2.954600216964747452e-09
2.866288215225782716e-09
2.780854795644297934e-09
2.698206230496758653e-09
2.618251378670454896e-09
2.540901663316591560e-09
2.466071044829321566e-09
2.393675989647149228e-09
2.323635435349494236e-09
2.255870752486969195e-09
2.190305703564091647e-09
2.126866399560664326e-09
2.065481254353530323e-09
2.006080937376457942e-09
1.948598324824880855e-09
1.892968449695631709e-09
1.839128450921723592e-09
1.787017521844504005e-09
1.736576858242040076e-09
1.687749606113254086e-09
1.640480809398611358e-09
1.594717357799581776e-09
1.550407934843698049e-09
1.507502966324960627e-09
1.465954569235320511e-09
1.425716501290626579e-09
1.386744111139458269e-09
1.348994289333672303e-09
1.312425420128664484e-09
1.276997334170025227e-09
1.242671262115578150e-09
1.209409789234172365e-09
1.177176811012218144e-09
1.145937489796217915e-09
1.115658212489403714e-09
1.086306549317899093e-09
1.057851213674827042e-09
1.030262023048226959e-09
1.003509861031890421e-09
9.775666404179459191e-10
9.524052673632131572e-10
9.279996066219620070e-10
9.043244478330398169e-10
8.813554728472404832e-10
8.590692240803816159e-10
8.374430738744364220e-10
8.164551948482960991e-10
7.960845312190005817e-10
7.763107710722731917e-10
7.571143195614940792e-10
7.384762730130674691e-10
7.203783939158162667e-10
7.028030867713988899e-10
6.857333747833493097e-10
6.691528773611966709e-10
6.530457884168421677e-10
6.373968554300154680e-10
6.221913592601326007e-10
6.074150946817592425e-10
5.930543516211631330e-10
5.790958970719256280e-10
5.655269576679393285e-10
5.523352028921038331e-10
5.395087288999189165e-10
5.270360429373620003e-10
5.149060483328037396e-10
5.031080300435315640e-10
4.916316407374540078e-10
4.804668873915808547e-10
4.696041183886367210e-10
4.590340110946233994e-10
4.487475598998629771e-10
4.387360647067893643e-10
4.289911198485065853e-10
4.195046034220961012e-10
4.102686670218210327e-10
4.012757258572240356e-10
3.925184492420699425e-10
3.839897514401161809e-10
3.756827828546428590e-10
3.675909215488346748e-10
3.597077650842136685e-10
3.520271226657741046e-10
3.445430075817377370e-10
3.372496299268505103e-10
3.301413895986754359e-10
3.232128695561837680e-10
3.164588293309730329e-10
3.098741987811796949e-10
3.034540720789318436e-10
2.971937019224958792e-10
2.910884939642923671e-10
2.851340014467011615e-10
2.793259200375572343e-10
2.736600828577352657e-10
2.681324556933381990e-10
2.627391323856171310e-10
2.574763303914806604e-10
2.523403865082891298e-10
2.473277527565022767e-10
2.424349924140789078e-10
2.376587761970060402e-10
2.329958785799400322e-10
2.284431742520247672e-10
2.239976347024271387e-10
2.196563249306419514e-10
2.154164002769047657e-10
2.112751033679469357e-10
2.072297611737771556e-10
2.032777821712861447e-10
1.994166536104716947e-10
1.956439388794289535e-10
1.919572749643477782e-10
1.883543700009287204e-10
1.848330009136553886e-10
1.813910111396304675e-10
1.780263084338657885e-10
1.747368627526675047e-10
1.715207042125489814e-10
1.683759211214467693e-10
1.653006580797810456e-10
1.622931141485601812e-10
1.593515410821374341e-10
1.564742416230893215e-10
1.536595678569374831e-10
1.509059196245216487e-10
1.482117429897291593e-10
1.455755287606896699e-10
1.429958110623185879e-10
1.404711659584018318e-10
1.380002101213029285e-10
1.355815995475037752e-10
1.332140283174922852e-10
1.308962273980830300e-10
1.286269634858128260e-10
1.264050378898164902e-10
1.242292854527661112e-10
1.220985735084799107e-10
1.200118008748260991e-10
1.179678968807242538e-10
1.159658204259268831e-10
1.140045590723859894e-10
1.120831281661300221e-10
1.102005699885583708e-10
1.083559529359363716e-10
1.065483707263336723e-10
1.047769416327796985e-10
1.030408077418412621e-10
1.013391342366848852e-10
9.967110870375290576e-11
9.803594046215075879e-11
9.643285991507394158e-11
9.486111792238990348e-11
9.331998519362686917e-11
9.180875170071581246e-11
9.032672610979219654e-11
8.887323523127399848e-11
8.744762348774018220e-11
8.604925239887561363e-11
8.467750008293497949e-11
8.333176077413776517e-11
8.201144435545667609e-11
8.071597590623992783e-11
7.944479526424161363e-11
7.819735660139382961e-11
7.697312801303985901e-11
7.577159112009926556e-11
7.459224068361657850e-11
7.343458423147188486e-11
7.229814169666718119e-11
7.118244506689334915e-11
7.008703804497027809e-11
6.901147571976787002e-11
6.795532424732743529e-11
6.691816054175148377e-11
6.589957197558913597e-11
6.489915608941807641e-11
6.391652031025079225e-11
6.295128167853474035e-11
6.200306658344793371e-11
6.107151050617950935e-11
6.015625777098018446e-11
5.925696130370033867e-11
5.837328239758765297e-11
5.750489048608412491e-11
5.665146292240303727e-11
5.581268476570260822e-11
5.498824857356451535e-11
5.417785420065069006e-11
5.338120860329267047e-11
5.259802564985180593e-11
5.182802593662010451e-11
5.107093660915570893e-11
5.032649118878253207e-11
4.959442940420737462e-11
4.887449702800238340e-11
4.816644571778607645e-11
4.747003286207076543e-11
4.678502143048383115e-11
4.611117982833374600e-11
4.544828175533669192e-11
4.479610606836261068e-11
4.415443664812088910e-11
4.352306226961124773e-11
4.290177647626685999e-11
4.229037745764727823e-11
4.168866793056907055e-11
4.109645502360650148e-11
4.051355016479859726e-11
3.993976897252997385e-11
3.937493114940762274e-11
3.881886037915048885e-11
3.827138422629287124e-11
3.773233403866777762e-11
3.720154485260171224e-11
3.667885530070632621e-11
3.616410752218329458e-11
3.565714707560092542e-11
3.515782285406239361e-11
3.466598700265221093e-11
3.418149483814354243e-11
3.370420477086726878e-11
3.323397822870098974e-11
3.277067958308601605e-11
3.231417607705323404e-11
3.186433775516014514e-11
3.142103739528981154e-11
3.098415044228214241e-11
3.055355494333048072e-11
3.012913148505389620e-11
2.971076313226920537e-11
2.929833536836054222e-11
2.889173603720723700e-11
2.849085528663035342e-11
2.809558551333327226e-11
2.770582130925603667e-11
2.732145940932982975e-11
2.694239864058699120e-11
2.656853987256862833e-11
2.619978596903473600e-11
2.583604174088824936e-11
2.547721390030930706e-11
2.512321101607214042e-11
2.477394346998908014e-11
2.442932341445384736e-11
2.408926473106319086e-11
2.375368299029340259e-11
2.342249541216280979e-11
2.309562082791420028e-11
2.277297964262932190e-11
2.245449379878176021e-11
2.214008674070118832e-11
2.182968337990329349e-11
2.152321006129969789e-11
2.122059453021347579e-11
2.092176590021734703e-11
2.062665462176066803e-11
2.033519245155078887e-11
2.004731242268902854e-11
1.976294881552734739e-11
1.948203712921846200e-11
1.920451405397293762e-11
1.893031744395915835e-11
1.865938629085510596e-11
1.839166069805020243e-11
1.812708185543727486e-11
1.786559201480815860e-11
1.760713446583236260e-11
1.735165351260024667e-11
1.709909445071147887e-11
1.684940354490058511e-11
1.660252800718688282e-11
1.635841597551770821e-11
1.611701649291972646e-11
1.587827948712770266e-11
1.564215575066161770e-11
1.540859692138492854e-11
1.517755546348541446e-11
1.494898464889091664e-11
1.472283853910894976e-11
1.449907196747446736e-11
1.427764052178166363e-11
1.405850052731869129e-11
1.384160903026454564e-11
1.362692378146772967e-11
1.341440322056284822e-11
1.320400646044790301e-11
1.299569327209598193e-11
1.278942406969123215e-11
1.258515989609121416e-11
1.238286240860036786e-11
1.218249386503796292e-11
1.198401711011492690e-11
1.178739556208839596e-11
1.159259319970329400e-11
1.139957454939886655e-11
1.120830467278656049e-11
1.101874915438270459e-11
1.083087408959480159e-11
1.064464607295494057e-11
1.046003218658773435e-11
1.027699998890628088e-11
1.009551750354307624e-11
9.915553208498411529e-12
9.737076025497603739e-12
9.560055309558611657e-12
9.384460838763495221e-12
9.210262804232855634e-12
9.037431800278059532e-12
8.865938814747327147e-12
8.695755219563492109e-12
8.526852761421912790e-12
8.359203552662770117e-12
8.192780062326120606e-12
8.027555107350738267e-12
7.863501843941166590e-12
7.700593759079502910e-12
7.538804662204984108e-12
7.378108677015495835e-12
7.218480233421323346e-12
7.059894059648469365e-12
6.902325174445110216e-12
6.745748879443385004e-12
6.590140751642064645e-12
6.435476635995863374e-12
6.281732638145277255e-12
6.128885117242637372e-12
5.976910678898762549e-12
5.825786168238283746e-12
5.675488663055358601e-12
5.525995467072788405e-12
5.377284103297777886e-12
5.229332307480547294e-12
5.082118021650723716e-12
4.935619387756523305e-12
4.789814741383442201e-12
4.644682605555967643e-12
4.500201684624454744e-12
4.356350858227271858e-12
4.213109175320164069e-12
4.070455848296431255e-12
3.928370247158112655e-12
3.786831893762473154e-12
3.645820456134271424e-12
3.505315742841056965e-12
3.365297697422758953e-12
3.225746392877970891e-12
3.086642026221154278e-12
2.947964913076430483e-12
2.809695482321443705e-12
2.671814270800339554e-12
2.534301918066579089e-12
2.397139161182382006e-12
2.260306829574249287e-12
2.123785839924336120e-12
1.987557191145773566e-12
1.851601959414727213e-12
1.715901293317645789e-12
1.580436409154931714e-12
1.445188586534755569e-12
1.310139164488845954e-12
1.175269538700266165e-12
1.040561161216767034e-12
9.059955463415158930e-13
7.715542936366997163e-13
6.372191656148989534e-13
5.029723761207914449e-13
3.687979410975399772e-13
2.346912329748085856e-13
1.008148731165986289e-13
