1.154324778703514805e-07
6.082018546293689936e-07
1.494711407994044453e-06
2.775123120550863985e-06
4.449410664552701548e-06
6.517513834135160899e-06
8.979353066444927512e-06
1.183483215052179317e-05
1.508383895014337425e-05
1.872624564736271438e-05
2.276190884054480186e-05
2.719066959064030481e-05
3.201235344687187242e-05
3.722677046358674143e-05
4.283371521317649243e-05
4.883296679728492537e-05
5.522428885736663365e-05
6.200742958515388507e-05
6.918212173330446973e-05
7.674808262642025022e-05
8.470501417250099181e-05
9.305260287491595348e-05
1.017905198449073952e-04
1.109184208146600525e-04
1.204359461509482194e-04
1.303427208693588141e-04
1.406383546491138999e-04
1.513224418484782551e-04
1.623945615207710469e-04
1.738542774309647092e-04
1.857011380728911497e-04
1.979346766870413680e-04
2.105544112789659115e-04
2.235598446382700976e-04
2.369504643582116452e-04
2.507257428558941847e-04
2.648851373930555058e-04
2.794280900974574033e-04
2.943540279848660870e-04
3.096623629816289028e-04
3.253524919478482328e-04
3.414237967011448760e-04
3.578756440410154087e-04
3.747073857737816282e-04
3.919183587381286642e-04
4.095078848312350096e-04
4.274752710354899187e-04
4.458198094457994183e-04
4.645407772974742100e-04
4.836374369947120952e-04
5.031090361396530755e-04
5.229548075620303301e-04
5.431739693493909966e-04
5.637657248779050223e-04
5.847292628437537930e-04
6.060637572950934972e-04
6.277683676645969121e-04
6.498422388025725275e-04
6.722845010106565621e-04
6.950942700760798232e-04
7.182706473065026895e-04
7.418127195654255872e-04
7.657195593081660709e-04
7.899902246184005569e-04
8.146237592452816589e-04
8.396191926411061910e-04
8.649755399995602903e-04
8.906918022945170500e-04
9.167669663194004306e-04
9.432000047271017892e-04
9.699898760704581341e-04
9.971355248432859242e-04
1.024635881521966619e-03
1.052489862607584523e-03
1.080696370668615507e-03
1.109254294384169224e-03
1.138162508587768759e-03
1.167419874311686253e-03
1.197025238831816302e-03
1.226977435713090363e-03
1.257275284855437821e-03
1.287917592540276362e-03
1.318903151477549864e-03
1.350230740853289963e-03
1.381899126377715602e-03
1.413907060333866863e-03
1.446253281626762918e-03
1.478936515833084503e-03
1.511955475251393734e-03
1.545308858952861540e-03
1.578995352832525487e-03
1.613013629661064988e-03
1.647362349137097576e-03
1.682040157939977167e-03
1.717045689783122490e-03
1.752377565467844699e-03
1.788034392937684104e-03
1.824014767333264741e-03
1.860317271047634211e-03
1.896940473782126333e-03
1.933882932602707782e-03
1.971143191996830614e-03
2.008719783930782224e-03
2.046611227907519509e-03
2.084816031025001331e-03
2.123332688035010820e-03
2.162159681402458632e-03
2.201295481365173664e-03
2.240738545994175584e-03
2.280487321254423983e-03
2.320540241066047608e-03
2.360895727366048476e-03
2.401552190170475661e-03
2.442508027637068334e-03
2.483761626128369766e-03
2.525311360275301481e-03
2.567155593041203169e-03
2.609292675786334045e-03
2.651720948332820463e-03
2.694438739030075806e-03
2.737444364820651888e-03
2.780736131306561342e-03
2.824312332816029340e-03
2.868171252470697215e-03
2.912311162253265404e-03
2.956730323075580907e-03
3.001426984847151928e-03
3.046399386544100963e-03
3.091645756278552874e-03
3.137164311368436688e-03
3.182953258407734097e-03
3.229010793337129537e-03
3.275335101515092651e-03
3.321924357789374921e-03
3.368776726568916552e-03
3.415890361896173604e-03
3.463263407519840634e-03
3.510893996967989674e-03
3.558780253621608627e-03
3.606920290788538652e-03
3.655312211777807067e-03
3.703954109974357499e-03
3.752844068914169481e-03
3.801980162359766633e-03
3.851360454376106471e-03
3.900982999406859674e-03
3.950845842351059269e-03
4.000947018640133197e-03
4.051284554315307679e-03
4.101856466105378331e-03
4.152660761504851222e-03
4.203695438852446051e-03
4.254958487409961007e-03
4.306447887441493261e-03
4.358161610293016797e-03
4.410097618472311534e-03
4.462253865729234187e-03
4.514628297136346474e-03
4.567218849169873800e-03
4.620023449791006535e-03
4.673040018527539578e-03
4.726266466555840637e-03
4.779700696783148114e-03
4.833340603930197724e-03
4.887184074614167421e-03
4.941228987431940667e-03
4.995473213043695807e-03
5.049914614256795567e-03
5.104551046109989665e-03
5.159380355957933137e-03
5.214400383555990899e-03
5.269608961145351954e-03
5.325003913538444572e-03
5.380583058204625561e-03
5.436344205356182652e-03
5.492285158034604896e-03
5.548403712197141902e-03
5.604697656803641487e-03
5.661164773903665758e-03
5.717802838723875201e-03
5.774609619755685999e-03
5.831582878843186678e-03
5.888720371271321911e-03
5.946019845854333928e-03
6.003479045024457186e-03
6.061095704920863719e-03
6.118867555478863483e-03
6.176792320519333690e-03
6.234867717838410948e-03
6.293091459297399382e-03
6.351461250912928541e-03
6.409974792947329900e-03
6.468629779999245794e-03
6.527423901094469086e-03
6.586354839776979719e-03
6.645420274200229335e-03
6.704617877218599364e-03
6.763945316479114123e-03
6.823400254513313501e-03
6.882980348829355506e-03
6.942683252004315693e-03
7.002506611776662671e-03
7.062448071138940908e-03
7.122505268430642626e-03
7.182675837431241016e-03
7.242957407453432493e-03
7.303347603436529875e-03
7.363844046040048108e-03
7.424444351737434847e-03
7.485146132910002262e-03
7.545946997940973337e-03
7.606844551309724194e-03
7.667836393686168657e-03
7.728920122025278137e-03
7.790093329661772377e-03
7.851353606404936833e-03
7.912698538633576237e-03
7.974125709391124278e-03
8.035632698480853903e-03
8.097217082561246337e-03
8.158876435241456393e-03
8.220608327176921748e-03
8.282410326165074582e-03
8.344279997241159028e-03
8.406214902774189132e-03
8.468212602562967539e-03
8.530270653932241209e-03
8.592386611828935206e-03
8.654558028918494031e-03
8.716782455681299294e-03
8.779057440509177579e-03
8.841380529801998525e-03
8.903749268064338820e-03
8.966161198002238139e-03
9.028613860619998446e-03
9.091104795317082182e-03
9.153631539985053814e-03
9.216191631104582102e-03
9.278782603842503085e-03
9.341401992148936836e-03
9.404047328854445859e-03
9.466716145767235108e-03
9.529405973770409266e-03
9.592114342919240422e-03
9.654838782538494729e-03
9.717576821319772948e-03
9.780325987418868328e-03
9.843083808553169597e-03
9.905847812099058750e-03
9.968615525189341783e-03
1.003138447481065863e-02
1.009415218790093820e-02
1.015691619144683082e-02
1.021967401258113209e-02
1.028242317868022747e-02
1.034516121746150222e-02
1.040788565708075999e-02
1.047059402622959115e-02
1.053328385423276531e-02
1.059595267114555456e-02
1.065859800785106185e-02
1.072121739615749386e-02
1.078380836889541831e-02
1.084636846001494660e-02
1.090889520468291650e-02
1.097138613938000197e-02
1.103383880199776228e-02
1.109625073193565986e-02
1.115861947019800189e-02
1.122094255949082110e-02
1.128321754431869939e-02
1.134544197108150465e-02
1.140761338817106521e-02
1.146972934606776094e-02
1.153178739743702941e-02
1.159378509722580781e-02
1.165572000275884139e-02
1.171758967383492583e-02
1.177939167282307693e-02
1.184112356475854229e-02
1.190278291743875234e-02
1.196436730151914304e-02
1.202587429060887614e-02
1.208730146136642244e-02
1.214864639359506358e-02
1.220990667033822717e-02
1.227107987797472315e-02
1.233216360631383089e-02
1.239315544869027362e-02
1.245405300205902621e-02
1.251485386708999642e-02
1.257555564826256383e-02
1.263615595395995404e-02
1.269665239656347054e-02
1.275704259254656879e-02
1.281732416256876027e-02
1.287749473156935866e-02
1.293755192886105777e-02
1.299749338822333775e-02
1.305731674799568386e-02
1.311701965117064231e-02
1.317659974548668865e-02
1.323605468352088629e-02
1.329538212278139932e-02
1.335457972579977108e-02
1.341364516022301723e-02
1.347257609890553133e-02
1.353137022000075462e-02
1.359002520705267052e-02
1.364853874908707188e-02
1.370690854070259757e-02
1.376513228216158687e-02
1.382320767948066673e-02
1.388113244452113780e-02
1.393890429507913496e-02
1.399652095497554150e-02
1.405398015414566389e-02
1.411127962872867764e-02
1.416841712115681114e-02
1.422539038024431442e-02
1.428219716127612435e-02
1.433883522609633553e-02
1.439530234319635893e-02
1.445159628780285678e-02
1.450771484196539639e-02
1.456365579464381603e-02
1.461941694179537399e-02
1.467499608646155584e-02
1.473039103885464760e-02
1.478559961644401038e-02
1.484061964404206554e-02
1.489544895389000902e-02
1.495008538574320311e-02
1.500452678695630461e-02
1.505877101256805801e-02
1.511281592538583386e-02
1.516665939606980269e-02
1.522029930321685057e-02
1.527373353344415804e-02
1.532695998147246171e-02
1.537997655020899475e-02
1.543278115083012575e-02
1.548537170286365394e-02
1.553774613427076449e-02
1.558990238152768888e-02
1.564183838970698362e-02
1.569355211255850716e-02
1.574504151259003767e-02
1.579630456114755263e-02
1.584733923849514919e-02
1.589814353389462295e-02
1.594871544568469274e-02
1.599905298135986809e-02
1.604915415764894202e-02
1.609901700059314031e-02
1.614863954562389611e-02
1.619801983764023595e-02
1.624715593108582920e-02
1.629604589002564205e-02
1.634468778822219595e-02
1.639307970921146176e-02
1.644121974637838962e-02
1.648910600303201204e-02
1.653673659248015848e-02
1.658410963810382638e-02
1.663122327343108386e-02
1.667807564221062896e-02
1.672466489848490820e-02
1.677098920666287088e-02
1.681704674159226892e-02
1.686283568863156460e-02
1.690835424372144971e-02
1.695360061345589989e-02
1.699857301515285066e-02
1.704326967692441908e-02
1.708768883774673675e-02
1.713182874752930407e-02
1.717568766718397325e-02
1.721926386869343864e-02
1.726255563517934896e-02
1.730556126096992331e-02
1.734827905166717865e-02
1.739070732421366464e-02
1.743284440695879595e-02
1.747468863972469894e-02
1.751623837387163152e-02
1.755749197236293122e-02
1.759844780982952606e-02
1.763910427263395281e-02
1.767945975893395194e-02
1.771951267874557687e-02
1.775926145400582440e-02
1.779870451863482458e-02
1.783784031859754135e-02
1.787666731196499090e-02
1.791518396897499865e-02
1.795338877209248091e-02
1.799128021606921646e-02
1.802885680800317067e-02
1.806611706739729567e-02
1.810305952621787604e-02
1.813968272895236794e-02
1.817598523266673524e-02
1.821196560706231371e-02
1.824762243453215485e-02
1.828295431021687706e-02
1.831795984206002065e-02
1.835263765086290327e-02
1.838698637033893413e-02
1.842100464716747363e-02
1.845469114104713801e-02
1.848804452474860430e-02
1.852106348416691570e-02
1.855374671837323533e-02
1.858609293966613160e-02
1.861810087362228416e-02
1.864976925914671110e-02
1.868109684852245142e-02
1.871208240745972362e-02
1.874272471514456043e-02
1.877302256428690919e-02
1.880297476116818411e-02
1.883258012568831546e-02
1.886183749141223318e-02
1.889074570561583011e-02
1.891930362933138404e-02
1.894751013739241763e-02
1.897536411847803445e-02
1.900286447515671384e-02
1.903001012392954369e-02
1.905679999527289809e-02
1.908323303368059803e-02
1.910930819770548239e-02
1.913502446000044099e-02
1.916038080735889618e-02
1.918537624075471876e-02
1.921000977538159932e-02
1.923428044069183315e-02
1.925818728043457440e-02
1.928172935269349686e-02
1.930490572992392059e-02
1.932771549898934169e-02
1.935015776119742778e-02
1.937223163233540296e-02
1.939393624270490876e-02
1.941527073715624413e-02
1.943623427512209539e-02
1.945682603065061050e-02
1.947704519243797019e-02
1.949689096386034853e-02
1.951636256300528713e-02
1.953545922270252463e-02
1.955418019055420176e-02
1.957252472896451115e-02
1.959049211516876443e-02
1.960808164126187289e-02
1.962529261422622101e-02
1.964212435595898490e-02
1.965857620329885744e-02
1.967464750805215240e-02
1.969033763701837081e-02
1.970564597201513238e-02
1.972057190990254491e-02
1.973511486260694572e-02
1.974927425714410878e-02
1.976304953564178915e-02
1.977644015536172972e-02
1.978944558872103646e-02
1.980206532331296038e-02
1.981429886192711057e-02
1.982614572256903573e-02
1.983760543847922983e-02
1.984867755815152360e-02
1.985936164535088630e-02
1.986965727913064111e-02
1.987956405384905256e-02
1.988908157918533801e-02
1.989820948015509280e-02
1.990694739712508404e-02
1.991529498582749955e-02
1.992325191737357934e-02
1.993081787826669546e-02
1.993799257041484543e-02
1.994477571114263229e-02
1.995116703320271370e-02
1.995716628478682447e-02
1.996277322953641381e-02
1.996798764655312655e-02
1.997280933040935721e-02
1.997723809115945631e-02
1.998127375435263670e-02
1.998491616104985588e-02
1.998816516784947955e-02
1.999102064693355704e-02
1.999348248616586443e-02
1.999555058933544932e-02
1.999722487687944847e-02
1.999850528859200768e-02
1.999939179814537102e-02
1.999988456752213248e-02
